[gd_scene load_steps=6 format=3 uid="uid://clsdp2e4yqkji"]

[ext_resource type="Script" uid="uid://circq55qpjcvk" path="res://main.gd" id="1_0xm2m"]
[ext_resource type="PackedScene" uid="uid://bwl2b12apn8uh" path="res://player.tscn" id="1_ig7tw"]
[ext_resource type="PackedScene" uid="uid://bgek4hjrnvo73" path="res://level.tscn" id="3_h2yge"]
[ext_resource type="PackedScene" uid="uid://dysqmwq3wem2k" path="res://badguy.tscn" id="4_1bvp3"]

[sub_resource type="Environment" id="Environment_h2yge"]
background_mode = 1
ambient_light_source = 2

[node name="Main" type="Node3D"]
script = ExtResource("1_0xm2m")

[node name="BadguyNavTimer" type="Timer" parent="."]
unique_name_in_owner = true

[node name="Camera3D" type="Camera3D" parent="."]
transform = Transform3D(1, 0, 0, 0, 0.457983, 0.888961, 0, -0.888961, 0.457983, 0, 10.6771, 8.99311)
environment = SubResource("Environment_h2yge")

[node name="Player" parent="." instance=ExtResource("1_ig7tw")]
unique_name_in_owner = true
TIME_BETWEEN_SHOTS = 0.25

[node name="DirectionalLight3D" type="DirectionalLight3D" parent="."]
transform = Transform3D(0.866025, 0.12941, -0.482963, 0, 0.965926, 0.258819, 0.5, -0.224144, 0.836516, 0, 9, 0)
sky_mode = 1

[node name="DirectionalLight3D2" type="DirectionalLight3D" parent="."]
transform = Transform3D(0.866025, -0.12941, 0.482963, 0, 0.965926, 0.258819, -0.5, -0.224144, 0.836516, 0, 9, 0)
light_energy = 0.25
sky_mode = 1

[node name="level" parent="." instance=ExtResource("3_h2yge")]

[node name="Badguy" parent="." instance=ExtResource("4_1bvp3")]
transform = Transform3D(1, 0, 0, 0, 1, 0, 0, 0, 1, -4.039, 0, 5)

[node name="Badguy2" parent="." instance=ExtResource("4_1bvp3")]
transform = Transform3D(1, 0, 0, 0, 1, 0, 0, 0, 1, -7.11208, 0, 5)

[node name="Badguy3" parent="." instance=ExtResource("4_1bvp3")]
transform = Transform3D(1, 0, 0, 0, 1, 0, 0, 0, 1, -7.11208, 0, -0.837864)

[node name="Badguy4" parent="." instance=ExtResource("4_1bvp3")]
transform = Transform3D(1, 0, 0, 0, 1, 0, 0, 0, 1, -10.9802, 0, -0.837864)

[connection signal="timeout" from="BadguyNavTimer" to="." method="_on_badguy_nav_timer_timeout"]

[editable path="level"]
[editable path="level/NavigationRegion3D/level"]
